452
3128
1456
1398
918
1120
141
805
2689
2005
4883
2512
185
147
5432
1130
2186
666
2549
81
1866
1791
2198
1200
488
1138
1566
6729
468
2325
1847
2264
4468
2397
10784
20955
2291
6528
2118
2601
6241
12918
2435
7433
6675
1256
5320
16178
1149
3860
1758
3261
2804
5788
4886
1896
12785
1841
6389
2359
8901
9698
9230
4116
1809
5961
2202
6987
8662
11783
2221
452
24250
5759
1186
18354
6138
725
21749
2714
1001
275
2777
153
1357
713
3479
5207
1856
1322
1439
2365
6207
572
25173
3903
4632
41100
9748
1776
7241
4546
1572
605
3305
1149
3681
1643
38
4262
737
5248
2436
3848
5806
314
3667
322
1214
3338
1856
39
0
0
0
0
1307
2927
2453
63
1563
1153
1216
5
3684
196
111
682
1254
138
473
383
1905
1951
1689
488
1653
1197
226
798
63
288
110
792
678
1447
917
60
320
106
2407
56
328
6
2018
160
1177
375
29
36
7978
9473
423
3016
261
1163
3204
187
343
7081
576
12734
908
5866
15965
623
393
705
3116
123
438
5854
1004
60
72
1100
601
4130
219
2033
201
947
101
245
354
3304
281
651
2885
228
170
447
1621
99
80
1412
893
103
45
751
283
1905
158
2746
152
1065
65
260
15091
12292
253
4885
381
2428
7295
214
6600
487
3085
7362
127
2806
338
204
3929
334
291
5211
357
3192
6215
207
8385
349
184
3799
154
2974
292
6334
503
2434
10228
3233
5926
11434
518
11828
143
82
149
23
163
54
116
158
53
226
53
50
339
150
120
1014
200
320
384
117
209
306
1824
110
467
99
77
604
73
333
328
107
297
1665
132
183
6666
533
163
497
169
125
3734
2766
703
2295
1266
1803
4405
467
3952
2929
1476
232
7639
1925
2072
3361
1907
3125
2281
1635
5783
2076
1467
5172
1961
1227
2531
881
1861
3713
62
125
654
123
2127
2710
84
157
323
886
36
232
108
94
378
72
352
306
101
485
1592
98
111
405
149
226
116
135
247
167
1798
12360
14
3184
6994
309
218
315
77
3182
238
98
628
216
259
700
713
219
404
414
117
220
876
221
178
1687
430
595
510
250
776
621
2649
357
720
318
275
987
158
287
196
305
72
387
105
204
231
1639
301
194
333
617
2602
84
549
201
169
950
136
656
663
197
751
3191
227
209
869
327
674
276
247
578
467
477
96
1145
541
3768
1843
77
952
278
482
1014
568
3718
1258
1707
3841
1992
323
959
322
1832
364
1110
558
7720
6960
7722
2100
3329
1383
3635
1874
1229
289
6382
1291
2346
1515
439
4024
1375
2023
6864
1580
1491
415
906
8615
1588
349
6910
1648
9965
8136
9001
1224
135
2262
565
3335
3251
5328
8560
1851
501
217
4785
1180
7053
95243
156240
204270
108
48
870
411
3547
665
41
640
289
2112
728
723
2938
784
3674
1946
1416
79
375
4007
1744
2219
140
52
19893
3410
4991
92
91
850
1602
1535
388
234
6380
2484
723
98
86
5331
1074
4272
14227
111
20270
36
24
1180
399
3222
296
704
8146
599
1344
5908
2296
1502
91
52
1762
203
787
227
119
1728
607
801
17
19
979
607
1670
119
71
2470
961
11184
1008
2375
2694
1865
262
153
3303
1361
8181
197018
40229
216247
676
214
475
3015
1675
3990
445
492
444
437
225
91
563
332
250
1841
1403
91
352
316
726
288
606
1868
528
151
296
318
164
266
273
1991
197
375
981
918
378
2927
245
938
2742
1872
694
420
235
1660
1715
566
523
1953
2028
1558
2680
8728
669
1264
925
985
561
1692
3672
3093
445
635
2849
644
1672
362
3424
339
671
1691
2616
1151
6245
1690
925
670
844
2093
1287
764
1351
1601
1085
648
1456
1617
349
753
4076
2338
624
380
5015
413
414
1849
448
4017
462
874
323
539
189
5715
3070
6282
369
1029
18082
402
230
361
967
892
389
325
237
442
481
437
301
715
438
216
84
539
149
292
1783
1367
94
342
1968
192
278
591
1785
523
2886
233
317
163
266
265
86608
69036
289870
202
112
174
70
120
144
132
230
268
297
383
251
123
52
318
183
162
905
1019
50
180
139
103
144
379
944
290
82
135
204
93
151
136
996
133
216
484
486
207
1573
426
177
252
150
123
905
1825
3358
22
152
299
422
172
552
47
574
182
1369
774
330
465
1445
1808
273
103
203
702
470
974
84
82
90
57
385
807
124
1386
452
3659
1931
859
1427
218
4800
250
7003
590
1636
4312
789
4458
671
5780
77
4854
524
1651
12329
6668
8229
29067
211
220
159
155
171
354
507
95
38
251
68
139
224
427
52
137
993
90
178
237
826
1324
110
116
915
2312
3734
6957
38877
59044
7581
3869
1515
4093
839
364
2934
36326
65035
12425
17048
176372
257866
875
222
718
171
21
282
11281
5495
2453
271
963
4972
983
1262
1046
237
3079
520
1197
161
663
2041
8795
6036
255
241
21
1548
1572
2007
97
234
71
31
49
686
806
635
1299
234
293
176
314
157
357
152
641
162
957
408
327
59
395
381
334
104
263
107
983
200
178
18
42
750
1005
2514
364
46
450
658
180
613
278
91
1147
39
924
400
826
810
2859
388
268
99
4828
1545
5450
253
317
401
34
32
32
47
58
2180
1040
488
33
220
470
450
165
331
64
51
792
226
3514
5449
759
268
538
89173
330458
193697
141053
104918
356
534
170
513
397
712
1365
234
4692
1430
295
1084
2320
1261
2929
3085
1168
81
115
203
635
2472
4145
3047
1331
1439
0
449
656
799
5093
3817
3
0
0
0
0
0
9
0
0
0
0
0
0
0
0
1
0
0
63
97
16
0
1
0
9
451
191
106
36
119
82
57
18
10
428
439
117
384
119
213
189
366
693
74
533
1568
68
35
518
671
15
107
42
1187
82
141
35
520
34
21
33
973
2022
297
42
176
1978
17
158
2597
176
35
50
55
185
518
310
46
284
212
71
223
93
211
45
25
2224
633
61
598
338
700
926
1081
445
88
1455
2060
156
2662
2389
1002
3257
11405
100
0
528
345
20830
141
143
121
4009
1786
205
665
990
1428
247
3504
218
3196
5761
1217
441
767
163
295
128
255
5421
1477
1159
820
318
561
451
117
37
117
3076
352
158
1036
397
354
654
1549
202
214
4335
705
215
1635
2133
120
162
58
1677
232
88
5011
53
312
114
763
200
504
141
335
74
2073
1092
1190
3391
718
267
205
607
164843
269864
147330
59920
235626
121248
49999
269564
1987
13635
10354
20641
11022
13490
6889
3541
6016
8589
11446
13665
3337
6144
4661
11261
27535
9781
20778
2970
9474
9459
13282
9258
12516
28378
22160
29972
6910
30353
19
191
476
126
954
518
245
2600
1008
7
80
164
1232
7691
1452
26
286
587
7
150
354
135
2197
8493
31
330
1319
54
486
882
13
98
790
121
788
20698
86
1058
13450
20
525
235
1038
7266
2451
40
483
3522
156
1332
7811
48
365
2141
23
232
1346
113
783
3245
17
228
647
3840
222
1829
11943
204
1975
2833
77
983
6471
394
4563
43360
912
9349
59609
1380
6337
7142
1110
2955
2386
1962
4455
31743
7627
24486
2060
9834
19734
8117
18782
1991
5960
9079
26604
12773
7519
24047
5300
19000
1338
1377
4214
2196
3838
2066
11861
2361
16107
3105
3445
5538
2884
12202
121
13641
296
6145
15061
1558
3029
453
9890
10531
1771
8
7883
6575
1062
7
8607
5058
37
2614
78
9791
4568
6562
15228
13
8015
136
297
1899
230
769
7126
328
259
10578
8718
2299
1256
1834
905
637
625
48697
1173
363
2132
488
123
3124
506
1164
323
1377
420
2063
1763
860
334
1639
1199
1187
1992
849
1464
621
1488
1158
225
6017
2101
1966
12580
128
523
155
47
801
150
2197
350
36904
813
9799
340
221
1452
294
73
352
2080
472
125
3062
505
47474
1142
1635
9577
10676
322
1920
10035
787
6207
4667
13390
10647
11493
340
2925
1431
351
468
531
337
9872
6
5813
12071
1037
1244
668
1985
297
2504
4604
2426
5764
558
1698
2996
8534
525
477
1425
119
241
953
578
471
8779
194
475
1769
785
807
3809
310
756
1395
17
8103
2042
2197
1271
1986
9498
84
5068
2747
2136
339
5920
9450
1235
18532
973
1335
186
47
3795
4793
611
105
2123
3857
4083
72
4645
255
5360
2410
10580
1122
2597
976
7887
16706
5664
17414
5721
22980
2376
13737
2565
5435
6719
22603
9969
2045
4364
2403
5642
417
12262
4064
7487
10918
3032
4958
1031
1391
2991
5474
1370
2241
1278
1020
2196
1626
2749
5536
2196
31
3761
13
2278
7001
347
4835
52
7248
7790
121
7688
276
92
0
19
59
21
24
1826
1573
1368
3746
8343
548
529
5655
4559
5820
9676
2913
1097
1198
473
3037
296
996
2426
211
2783
1498
1012
636
537
3085
5524
1528
4238
1757
694
10029
3142
204
7824
2142
615
3559
846
758
3637
1031
1754
2755
156
1406
3783
686
6386
3496
5231
573
1873
1194
1219
359
3851
1289
3279
65
323
3629
1622
3131
2399
1998
1218
31166
9319
3567
8625
2644
34855
1104
676
493
6426
2564
33624
2600
32966
4344
371
382
1041
2807
1266
1363
881
9707
816
1029
3186
2673
2051
1269
1468
3540
3776
2496
4607
2186
6101
2503
2776
197
2071
2329
1550
1462
2052
157
7291
413
8
4952
1229
1738
8
4264
1043
1063
4704
6897
51
3884
5966
498
1694
118
2034
3396
1618
51
3481
1240
1646
5538
8052
944
846
551
2066
3727
1506
1700
224
276
2484
1554
1432
1770
1578
981
726
2251
1210
580
3730
3799
6028
527
5755
244
3384
11137
1606
213
3627
348
7907
38
10008
749
10831
9931
691
440
10
6086
344
956
739
2450
6480
584
2850
465
271
645
1685
215
1346
1935
1936
716
20140
884
1636
788
177
326
1393
255
255
655
259
103
319
274
243
136
285
14731
150
1267
395
171
767
591
1369
685
2496
242
185
214
929
325
211
164
1200
2244
62
547
1320
457
741
328
536
137
355
234
332
276
279
58
121
204
82
465
99
1666
122
252
129
583
246
667
36
305
313
1518
747
53
197
1552
24
282
293
2675
182
215
3690
320
1275
501
2829
549
155
420
255
131
417
321
8851
707
688
839
190
39
2086
835
9116
173
2376
168
516
161
1375
121
591
366
44
110
513
479
376
607
288
334
157
316
158
293
229
224
78
36
285
74
378
55
1177
153
188
121
791
229
521
63
356
340
1420
986
71
196
1071
22
227
290
601
142
281
1613
170
1005
398
1506
459
240
447
152
120
378
505
2356
574
485
436
157
39
1240
623
3304
147
1306
113
410
159
632
6248
104
628
310
187
485
558
719
442
1503
197
177
272
372
253
371
249
1100
1519
111
440
237
30
110
400
263
367
574
263
175
357
201
117
264
111
362
227
233
179
930
519
27
93
764
18
167
177
405
88
163
1184
138
663
247
1247
361
100
210
99
86
221
201
1693
277
264
451
81
22
815
325
2229
95
1115
188
260
108
500
4204
78
420
169
88
393
383
648
316
1529
112
118
110
234
173
312
82
865
1115
103
319
198
28
57
275
125
156
390
156
94
162
150
148
84
301
44
218
380
256
446
204
219
76
154
108
183
136
159
30
59
131
47
225
37
950
81
407
126
422
27
87
92
511
406
437
162
68
1108
332
6064
140
1949
105
366
142
1000
10166
103
998
255
158
521
433
934
452
3066
211
143
158
417
285
208
180
1070
1590
189
47
99
368
186
275
517
201
126
221
233
226
93
338
64
291
628
329
476
233
413
113
202
138
264
188
170
45
54
190
119
360
46
1134
139
129
118
585
154
790
47
337
296
1527
672
41
106
1045
23
199
235
947
157
231
3965
246
924
363
3084
451
151
294
153
116
511
111
318
343
3939
243
359
567
257
196
276
214
260
123
352
73
452
867
302
603
301
320
134
254
270
243
254
282
71
57
210
90
371
71
1138
189
160
166
725
194
538
61
406
281
1489
811
69
169
1144
36
320
260
991
177
321
2776
252
1092
363
2476
475
182
352
201
96
276
358
4822
720
463
506
234
39
1368
415
5761
153
1734
165
390
175
1042
19579
113
781
271
138
590
533
1017
605
1778
194
168
242
431
254
212
179
1225
1872
132
504
267
44
92
389
311
213
1275
392
79
407
606
343
266
457
111
370
3146
1044
600
523
1722
480
900
346
788
477
621
100
324
627
105
553
98
4208
218
551
259
1756
319
9678
388
722
735
9368
1439
102
214
8143
415
639
2860
6373
770
226
25997
900
3938
2218
48505
1692
232
182
206
220
1633
652
39226
2071
1029
881
828
161
13956
607
70986
514
12224
291
2454
460
4118
486488
262
5503
331
256
1474
779
13169
1395
14282
246
276
356
1554
733
301
273
8910
12857
452
1370
901
280
403
1021
358
1192
560
314
273
5353
6409
217
1452
433
77
176
616
365
371
1080
425
183
332
617
377
233
441
319
654
1886
819
1311
664
693
227
452
441
481
315
406
177
103
311
105
595
106
3199
252
303
300
1021
338
1483
64
574
307
5074
1289
89
273
3142
33
549
541
2453
295
242
10548
515
1832
696
18685
1281
300
565
340
170
487
468
13865
1267
528
1333
448
60
3024
1345
26900
216
4344
371
591
339
1890
48102
127
2202
424
206
1354
591
2776
1038
12125
309
605
711
966
1712
630
366
871
1274
1089
548
1130
155
1183
1941
1082
1330
1315
1277
314
759
525
986
949
782
176
122
743
247
1420
266
4389
378
424
762
2001
553
1578
210
1501
901
3815
4749
405
579
2561
73
2034
778
1928
331
733
5321
1710
3319
1188
5186
1062
594
793
468
396
765
872
8018
1296
1242
1387
477
165
3913
2068
10646
984
8288
317
1306
382
1910
18747
244
1662
1339
350
1642
2013
6066
1671
4421
725
523
646
899
1634
456
402
4638
4273
610
1935
5886
2669
205
2546
1638
405
1483
1693
10223
2
0
1371
13435
2917
79573
10198
15996
1074
31717
1590
40840
1335
22548
561
21120
774
26980
4925
6216
7391
1488
757
4596
5139
8822
5193
4781
4530
2753
1749
2306
1010
2065
1048
714
3995
829
3004
1034
7815
336
2007
1364
1735
1706
3442
2299
4349
4392
1667
4597
547
4432
3201
6232
766
641
2675
460
13820
15840
183
1367
4306
1641
8019
6131
1894
1679
373
1712
7398
12780
26217
19437
2232
3011
1328
1675
4353
15373
0
5055
1997
28304
11999
10048
6381
6295
7794
15188
27696
32634
5549
3056
1199
949
489
359
66
178
692
569
463
1289
193
457
1728
603
937
830
377
903
1840
2316
2820
3527
2843
2059
144
205
499
3243
1521
1329
1183
83
1953
1075
405
192
933
1161
2218
1299
912
593
2804
43
743
391
1391
3758
43
998
648
965
314
3279
1753
314
2467
2342
806
1503
1156
1530
556
1928
15298
802
475
231
15
4806
1211
87
146
1307
1017
421
48
34574
1808
39230
931
1338
711
10079
65559
67603
2462
3536
7634
10256
414
4446
4053
511
1643
1921
4726
1031
3381
1386
1185
254
1024
1420
453
1390
2265
5787
767
898
1374
2733
5823
932
1570
3
2977
225
412
139
266
21
527
33
557
654
2246
13
4962
722
25
0
95
7
2647
193
420
1829
871
143
303
1027
301
539
94
530
92
4000
208
511
242
1674
294
9256
310
668
681
9102
1400
91
196
7790
364
619
2712
6227
704
215
25322
873
3737
2100
47431
1646
209
166
182
199
1549
627
38078
1919
979
840
796
150
13389
596
68381
474
11101
269
2289
430
3936
474343
235
5390
314
207
1401
764
12594
1341
14073
231
260
321
1498
688
283
254
8719
12325
414
1305
853
238
385
971
285
195
1219
376
75
373
557
329
235
437
101
354
3010
1003
571
494
1602
443
845
329
740
440
580
90
2449
989
1952
2591
1117
671
1238
1232
1334
648
1473
204
1900
4100
1708
2783
1779
2039
599
1215
917
1801
1400
1086
224
264
867
358
2590
340
6744
646
773
804
2565
784
2629
194
1975
1062
6838
6255
419
996
5017
91
2194
922
4920
707
808
11687
1411
5438
1758
13330
2152
647
1815
712
631
1295
1572
17717
2562
1787
2776
750
187
5648
3986
24820
618
10336
657
1718
689
3350
43458
510
3656
2194
608
2817
3520
5585
2654
11796
1075
1039
1017
2120
1293
1412
542
8017
1271
2491
1229
179
551
8432
400
341
917
399
221
438
614
30
2400
4527
6174
106
471
362
161
463
1151
2783
1117
465
171
1515
1479
1520
956
38134
36070
9308
674
2035
1605
5477
3388
5231
1640
1434
2149
1113
1624
1363
1507
3231
7133
6723
16077
3687
2732
6208
3471
2845
4739
2288
2273
1968
1795
1635
2587
9963
19100
4287
4084
6461
5167
4347
12664
10240
8500
20311
77
1310
1788
218
2769
5877
559
112
356
1897
337
99
346
150
43
3332
32
1818
1142
239
471
3022
4020
5545
145
1484
1303
983
79
269
401
1946
2527
1651
62
897
224
2735
458
1007
164
305
1300
575
545
9
919
3003
1207
163
2472
23
439
6876
92
40
613
1267
154
1574
1997
39
2780
2182
559
4930
504
4323
715
5804
959
8405
645
970
2344
1576
1073
193
2020
2994
13360
6397
3290
69080
4586
7500
25126
1309
15869
2201
1525
45791
1971
3128
64218
4487
21
966
2
17
1
0
767
48
9806
742
3058
1829
260
197
995
0
56
250
7
0
444
162
1887
0
2426
0
399
1784
101
254
481
218
539
171
599
1355
665
889
556
693
196
415
241
358
291
444
134
118
390
135
471
117
2442
228
239
337
1316
362
1551
94
629
505
2492
1127
92
244
2087
50
563
560
2143
253
440
6776
765
2130
737
8298
906
411
486
317
185
512
468
12902
1000
860
911
305
74
2785
630
16429
422
4570
223
830
245
2268
27951
137
1691
333
324
940
492
2875
917
5834
286
273
342
972
814
342
330
2570
3920
200
1161
428
110
149
649
844
741
2195
769
394
931
1070
797
461
1035
425
1274
2143
1281
2030
1078
1139
641
30
0
3
2
4533
15
64
252
578
256
1667
0
0
25
0
93
41
5194
1660
1448
26
12
316
3
0
0
1401
13182
52
16
227
2090
5582
0
2547
2328
2
21
84
6
101
1795
277
3252
1714
2171
124
1
0
0
1849
103
2675
2577
1422
28
0
1513
3554
3562
312
5212
0
3641
7002
3446
5540
72
398
113
370
308
211
1264
400
1663
478
590
340
267
451
614
92
3073
1030
591
516
96
4108
882
345
769
463
314
9572
324
607
95
557
1424
100
209
540
248
1710
2794
6240
345
692
712
9276
3884
2178
211
7849
403
636
192
395
960
790
835
735
829
298
157
828
296
1053
258
4612
458
582
558
2302
754
1763
186
1090
1054
6954
2704
258
490
4253
86
1031
1098
2825
421
934
9939
1127
2986
1269
12460
1517
694
950
698
384
1122
1118
12455
2009
1478
1774
672
176
5378
1531
22087
809
6250
530
1274
566
2636
49136
306
2616
839
442
2135
1241
4761
1761
8620
692
648
727
1337
1290
643
662
5109
6751
1
582
281
5
422
906
0
3
743
64
5041
61
0
1
17928
2247
23
9127
7738
206896
236957
2532
2451
1519
447
201
1512
18338
28937
2172
36513
1615
613
7409
3972
387
159
1360
18725
801
2238
3660
6809
38262
58173
426
941
293
195
1174
372
352
1242
1409
309
1673
1444
1260
286
1064
2463
479
824
3090
944
218
1943
1445
1060
107
2412
1353
956
1554
217
722
224
25674
885
1009
861
47625
1679
214
176
68029
506
1614
620
38293
1970
4023
477411
817
155
13491
601
1435
779
11657
280
2394
447
277
350
257
5426
329
234
8772
12511
12705
1385
14122
225
410
1031
1496
710
295
263
2306
2274
443
1332
890
268
3576
675
1100
2496
1867
2661
5771
1765
619
493
1953
754
15116
9419
13136
1261
1541
1586
3586
2443
5494
432
3452
2566
3217
9905
741
1487
10541
194
3036
1662
9217
1335
2115
26966
5261
3962
3562
31673
4450
1634
5784
59289
1105
2776
3018
39384
1438
7709
5337
1683
409
13458
1288
5504
1729
17502
1343
3693
1910
1855
108446
950
7751
3142
1455
15234
5053
12502
5137
25532
382
949
1904
4141
3303
2168
2132
1197
18063
1513
5193
2359
2923
772
3704
2056
2658
5404
3234
3479
2475
2765
2470
1246
64393
58042
4255
5857
968
837
1590
243
7210
4015
889
10883
2360
154
4267
7135
3299
1291
1021
1659
609
983
998
2170
1210
2195
3122
1263
970
1240
977
483
945
800
932
312
848
1237
772
798
2697
704
227
1792
1086
477
91
1141
1037
1205
1574
3904
705
2675
2663
154
5539
1775
866
8642
818
1566
1075
5471
1712
616
983
1637
1869
492
558
1516
840
806
2106
796
69
387
317
101
717
431
570
86
547
522
202
237
1577
282
318
658
659
196
317
615
2457
192
831
3574
201
171
964
144
12042
577
470
10800
310
218
750
12040
1270
219
320
672
282
247
3459
2442
8767
15723
3703
675
1790
13463
12211
10349
18925
36026
6867
1369
960
1949
759
417
3373
5537
1643
1442
5413
4588
1234
4863
1224
1432
2636
94450
148383
200436
69591
125516
249330
1623
1976
331
479
5659
1629
2242
22180
34
35
2158
7097
2026
4
13
0
225
5
540
0
0
14759
5597
3136
8
200
1176
808
598
2003
1193
12
1
1305
1
2250
461
3
1
2956
5615
1
5
0
1606
3936
10
1446
2863
2550
10
19
1075
2388
45
95
96
168
119
129
330
30
163
104
863
508
174
963
300
455
142
439
277
632
1301
677
1129
908
33
201
703
1215
319
420
186
566
77
248
146
501
433
328
41
352
160
588
694
81
31
203
213
4645
90
2576
58
2453
10
341
421
989
236
148
4752
203
790
80
7058
693
169
86
195
1574
578
633
7468
1292
2633
726
304
39
3801
436
338
175
3059
253
618
395
294
841
189
1516
151
87
12523
110
1743
1277
3699
199
1278
25001
712
219
54
175
974
355
23
73
2858
3139
179
72
13
74
16
208
10
34
9
7
1492
10
102
16
16
187
39
149
40
336
0
7
7
35
22
10
29
6
211
16
108
32
21
17
21
12
6
77
33
15
21
27
25
8
16
19
33
54
51
62
31
2
15
22
10
19
61
24
14
6
19
3
151
61
141
3
10
10
24
23
63
4
24
30
13
101
2
2
115
2
10
18
93
10
28
286
85
28
42
435
51
40
20
638
12
30
31
397
127
84
61
21
8
167
54
36
67
103
183
110
6
46
100
25
45
35
289
930
71
27
19
151
429
424
10
233
16
45
11
164
44
469
28
744
1106
1598
136
11
24
277
153
28
873
442
41
69
1651
137
201
111
1641
181
610
76
46
13
45
103
243
39
471
84
81
24
45
71
3364
675
1177
30
1146
17
416
5669
18
458
35
102
127
220
1700
109
71
14
34
43
122
1488
143
41
497
403
56
142
37
42
23
64
28
35
5
25
11
117
148
98
27
83
31
56
113
47
297
11856
55
54
25
40
284
91
216
37
117
91
34
28
23
560
37
16
401
1468
359
143
8118
22
40
73
196
54
27
36
16
13
188
147
116
78
391
7
44
59
38
63
424
23
53
16
45
7
9
19
25
32
97
72
533
55
65
32
680
152
198
5430
327
10
68
64
13
63
23
3849
41
234
110
115
179
35
51
53
22
652
79
3149
242
77
8
90
22
684
65
6823
48
182
36
616
72
10
97
378
154
77
759
246
765
105
374
301
109
338
320
109
1026
647
782
400
81
1660
445
236
677
211
217
992
67
303
119
353
1372
72
57
206
163
934
384
2217
50
314
354
4154
1497
496
73
1996
37
313
232
153
196
162
5945
261
596
580
6615
722
353
110
14711
179
257
496
7166
882
978
24912
355
78
2944
373
860
353
3269
135
514
226
236
149
120
1397
257
115
2531
3107
1726
730
3415
130
96
843
688
214
105
352
890
6160
203
945
308
45
1479
4146
1189
14940
1123
2699
1914
1737
62947
839
4670
3277
1239
10629
4554
8664
3598
12112
450
738
2116
3303
1985
2312
1726
1479
12762
1488
3418
1993
2714
580
2995
2175
3283
4632
2404
2870
2372
2684
2010
1290
2073
1500
3106
5631
2587
4280
3715
623
836
1710
819
2138
4546
1490
536
436
1874
681
8063
8562
10547
1390
1180
1337
3152
1417
3715
516
2980
2024
1530
7114
681
1848
7760
187
3498
1269
6237
1019
2204
14766
3757
3230
2603
15974
3488
1366
6012
31384
1059
2320
2186
26805
64
310
4610
1093
334
7719
79
301
236
167
1155
360
1499
406
507
304
228
371
572
87
2842
954
522
505
77
3796
809
307
673
394
244
8905
285
497
91
463
1199
71
178
485
203
1449
2646
5821
222
550
583
9110
3720
1984
153
7669
339
502
179
168
639
167
24389
781
777
785
46528
1524
199
122
66672
425
1405
572
36245
1857
3661
470456
729
129
12908
525
1334
569
10652
252
2156
408
193
265
195
4948
269
171
8300
11829
11726
1227
13324
205
328
900
1397
572
181
239
12
107
387
1222
812
192
39
68
97
49
136
53
278
82
124
48
55
98
63
11
360
118
92
49
19
486
103
41
122
89
90
1217
50
136
21
114
246
27
43
86
72
300
285
579
181
173
153
565
356
261
62
613
107
139
32
55
143
72
2143
139
246
100
3170
227
27
57
5021
90
295
85
3232
240
484
35787
107
39
1256
81
168
227
1650
42
365
56
88
96
74
573
70
74
739
1188
1830
202
1137
52
91
176
170
185
89
47
5066
25
152
3032
4292
46
308
1598
0
0
1590
4
5
763
4
109
3458
992
3310
7043
53
9
2
1
0
1
303
199
3554
7
16
3335
25
3566
11
164
6
5426
51
37
135
60
72
1844
154
13846
642
64
32
144
51
11
61
104
36
56
62
19
44
236
109
46
41
215
46
86
19
92
68
51
11
39
119
18
70
10
350
34
82
35
186
43
933
95
104
103
528
213
21
37
764
69
102
194
391
81
37
1528
111
412
272
2540
207
26
31
20
33
183
64
2572
242
119
77
67
29
1285
63
4295
60
1090
27
345
54
276
48622
57
394
62
35
176
155
2046
189
670
41
43
41
91
138
66
31
690
1512
79
162
89
67
50
87
3724
1492
7735
108152
957
7872
209
1248
395
68
387
583
340
247
448
109
365
2984
1011
575
508
1653
471
851
9969
55
8
32
1092
12237
5321
370
105
344
6
40
5
1828
7
307
0
8455
14689
9
4
1
6
2
3143
12
94
3341
334
58
372
64
2595
91
251
116
981
145
5399
164
412
383
5451
579
51
110
4768
191
259
1642
3154
441
104
13692
383
2473
1072
25450
857
106
70
104
104
1022
369
21210
947
636
515
415
82
6442
317
36904
349
4734
191
1238
226
2293
259551
91
2633
169
136
688
336
7053
828
7301
147
136
174
879
359
125
133
4463
6035
212
610
504
113
254
653
148
91
706
247
42
172
225
212
125
192
58
182
1736
515
347
311
857
244
416
232
376
282
359
48
199
1645
2035
4396
2000
926
2024
2223
2038
993
2443
723
3222
6320
2860
5472
2860
2543
1046
2088
1121
1950
1843
1878
489
463
1636
581
2910
611
12025
1014
1222
1326
4795
1502
4163
388
2905
1987
6355
7000
568
1171
9779
168
2691
1989
7793
1099
1693
22611
2376
7782
2829
26316
3607
1293
2460
1531
920
2444
1821
32413
4272
3248
4933
1252
351
10985
4460
48979
1448
13857
1209
3017
1166
6738
96618
757
6384
2417
1096
4496
3850
9206
4207
20370
1577
1455
1435
3699
2726
1968
1194
14618
14209
1209
4116
1984
318
702
2799
116
668
1291
853
879
835
1303
206
567
982
942
591
538
179
96
457
234
1092
129
2512
317
403
402
1408
436
1875
107
851
629
11024
2857
185
435
2169
60
934
639
2039
301
487
5921
946
2943
959
7899
1105
473
651
300
270
584
1435
9941
1239
825
958
525
99
3475
1617
14499
425
6555
268
902
348
1571
23555
239
1540
821
282
1370
1275
3760
1190
6119
429
455
584
793
645
383
375
2590
4692
464
1365
587
118
323
1301
577
789
1358
467
341
595
764
578
347
664
26
27
37
42
13
582
40
2259
25
654
15
126
28
148
17507
29
223
30
27
70
91
1095
78
414
12
29
31
56
59
18
24
381
804
81
16
5
36
51
23
22
32
11
23
200
58
37
33
87
23
39
16
63
36
32
6
13
44
10
45
3
205
11
32
22
87
35
487
43
49
48
337
87
11
26
474
64
58
143
265
48
25
856
58
218
134
1503
103
16
17
11
10
96
36
1622
126
73
38
80
42
29
24
68
179
228
278
31
5249
182
26876
80
5447
63
689
139
1370
174802
80
2181
70
52
503
197
3317
313
5872
51
71
108
517
163
61
75
3240
4009
106
480
262
65
83
256
85
53
329
88
23
127
223
74
63
168
27
122
966
349
162
138
529
172
322
80
230
83
176
28
65
104
17
90
19
1023
80
182
79
473
88
2801
68
153
178
3178
557
18
39
2007
54
219
798
2493
162
61
9934
341
846
698
18700
532
71
59
64
55
341
174
332
757
469
602
90
312
566
91
551
96
4046
208
521
244
1687
305
9406
325
669
696
8957
1417
98
207
7591
353
628
2662
6044
700
222
24512
883
3770
2136
46406
1652
208
169
193
206
1590
619
37377
1908
988
847
805
143
13572
595
66878
479
11677
276
2331
432
3863
458887
250
5337
330
226
1404
770
12418
1413
13912
235
273
329
1457
692
281
260
8673
12205
429
1298
870
246
392
1030
296
3131
1290
5889
5096
12500
5190
25429
1924
1859
1912
4148
3297
2177
1458
15246
18090
1550
5271
2423
387
947
3746
2123
2674
5461
2175
1215
2515
2773
2508
1237
2913
789
3700
7148
3890
5623
3281
3553
1122
2488
1865
2666
2321
2251
611
509
1936
755
3616
674
13385
1269
1545
1575
5809
1784
5564
433
3470
2570
15260
9434
727
1494
10543
204
3598
2431
9467
1341
2087
27206
3213
9999
3769
31686
4456
1630
3041
1654
1097
2760
3018
39786
5395
3966
5334
1684
410
13480
5831
59354
1731
17644
1340
3746
3874
824
5058
4085
1044
10825
6858
8422
1662
9075
558
9011
860
2414
42
376
847
2868
983
1000
76
635
340
681
1452
1818
191
178
2601
1215
482
264
18
667
442
1357
77
1512
184
3925
319
4684
505
10549
11475
1021
7081
14280
711
4495
12304
12265
13488
5510
3217
1621
5202
14984
2597
1527
808
2037
6656
3352
2007
948
3697
10127
834
3893
1414
2244
7489
4020
2825
2353
64278
57239
12390
12247
12321
12250
3819
4563
5146
8995
7351
15391
2166
1688
11628
4131
5675
11789
7432
4564
4024
4394
6840
3611
7742
4755
3138
4341
983
13
1136
58
263
23
509
215
13
449
100
70
413
932
95
671
5
861
40
24
323
402
767
41
2390
602
40
474
238
37
1108
152
58
1030
14
771
71
3995
2990
1671
49
1347
2037
262
2734
448
2272
3701
1991
4832
444