1000
1000
1000
1001
1002
1003
1004
1005
1005
1007
1008
1008
1009
1010
1011
1012
1014
1014
1014
1017
1017
1017
1019
1019
1020
1021
1021
1021
1021
1022
1023
1024
1026
1027
1029
1029
1029
1030
1030
1030
1031
1031
1031
1031
1031
1034
1035
1036
1037
1037
1038
1038
1039
1040
1041
1042
1043
1044
1044
1045
1046
1046
1048
1053
1054
1058
1059
1060
1062
1062
1062
1063
1064
1065
1070
1070
1071
1072
1073
1074
1074
1075
1075
1075
1075
1078
1080
1081
1082
1084
1085
1086
1086
1089
1090
1090
1092
1092
1092
1092
1093
1095
1096
1097
1097
1098
1099
1100
1100
1100
1104
1105
1105
1106
1108
1108
1110
1110
1113
1115
1115
1117
1117
1118
1120
1121
1122
1122
1122
1123
1127
1127
1129
1130
1130
1134
1136
1137
1138
1138
1139
1141
1142
1142
1144
1145
1146
1147
1149
1149
1151
1151
1153
1155
1156
1158
1159
1161
1161
1163
1164
1166
1168
1171
1173
1174
1176
1177
1177
1177
1180
1180
1180
1183
1183
1184
1185
1186
1187
1187
1188
1188
1189
1190
1190
1192
1193
1194
1194
1197
1197
1197
1198
1199
1199
1199
1200
1200
1205
1207
1209
1209
1210
1210
1211
1214
1215
1215
1215
1215
1216
1217
1217
1218
1219
1219
1222
1222
1224
1224
1225
1227
1227
1229
1229
1229
1232
1232
1234
1235
1237
1237
1238
1238
1239
1239
1240
1240
1240
1241
1242
1242
1244
1246
1247
1248
1252
1254
1256
1256
1256
1258
1260
1261
1261
1262
1263
1264
1264
1266
1266
1267
1267
1267
1269
1269
1269
1269
1270
1271
1271
1274
1274
1274
1275
1275
1275
1277
1277
1278
1278
1281
1281
1285
1287
1288
1289
1289
1289
1290
1290
1290
1291
1291
1291
1292
1293
1293
1295
1296
1298
1299
1299
1300
1301
1301
1303
1303
1305
1305
1306
1306
1307
1307
1309
1310
1311
1315
1316
1319
1320
1322
1324
1326
1328
1329
1330
1331
1332
1332
1333
1334
1334
1335
1335
1335
1337
1337
1338
1338
1339
1340
1341
1341
1343
1344
1345
1346
1346
1347
1351
1353
1354
1355
1357
1357
1358
1360
1361
1363
1363
1364
1365
1365
1366
1367
1367
1368
1368
1369
1369
1369
1370
1370
1370
1370
1371
1372
1374
1375
1375
1377
1377
1380
1383
1385
1386
1386
1387
1390
1390
1391
1391
1393
1395
1395
1397
1397
1398
1400
1400
1401
1401
1403
1404
1405
1406
1408
1409
1411
1412
1412
1413
1414
1416
1417
1417
1420
1420
1420
1422
1424
1425
1427
1428
1430
1431
1432
1432
1434
1435
1435
1435
1438
1439
1439
1439
1442
1444
1445
1445
1446
1447
1448
1448
1449
1452
1452
1452
1452
1455
1455
1455
1456
1456
1457
1458
1462
1464
1467
1468
1468
1473
1474
1476
1477
1478
1479
1479
1479
1483
1483
1484
1487
1488
1488
1488
1488
1489
1490
1491
1492
1492
1494
1496
1497
1498
1498
1499
1500
1501
1502
1502
1503
1503
1503
1506
1506
1507
1512
1512
1512
1513
1513
1515
1515
1515
1516
1516
1517
1518
1519
1519
1520
1521
1524
1525
1527
1527
1528
1528
1529
1530
1530
1531
1531
1535
1540
1541
1545
1545
1548
1549
1549
1550
1550
1551
1552
1554
1554
1554
1558
1558
1563
1566
1566
1568
1570
1571
1572
1572
1572
1573
1573
1574
1574
1574
1575
1576
1577
1577
1578
1578
1580
1586
1588
1590
1590
1590
1590
1590
1592
1598
1598
1601
1602
1602
1605
1606
1606
1613
1614
1615
1617
1617
1618
1621
1621
1622
1622
1623
1624
1626
1629
1630
1633
1634
1634
1635
1635
1635
1635
1636
1636
1636
1637
1638
1639
1639
1640
1641
1641
1642
1642
1643
1643
1643
1645
1646
1646
1648
1650
1651
1651
1651
1652
1653
1653
1654
1659
1660
1660
1660
1662
1662
1662
1663
1665
1666
1667
1667
1670
1671
1671
1672
1673
1674
1675
1675
1677
1679
1679
1683
1684
1685
1687
1687
1688
1689
1690
1691
1691
1692
1692
1693
1693
1693
1694
1698
1700
1700
1706
1707
1708
1710
1710
1710
1712
1712
1712
1714
1715
1718
1722
1726
1726
1728
1728
1729
1731
1734
1735
1736
1737
1738
1743
1744
1749
1753
1754
1756
1757
1758
1758
1761
1762
1763
1763
1765
1769
1770
1771
1774
1775
1776
1778
1779
1783
1784
1784
1785
1786
1787
1788
1790
1791
1792
1795
1795
1798
1801
1803
1808
1808
1809
1815
1818
1818
1821
1824
1825
1826
1828
1829
1829
1829
1830
1832
1832
1834
1840
1841
1841
1843
1843
1844
1847
1848
1849
1849
1851
1855
1856
1856
1857
1859
1861
1865
1865
1866
1867
1868
1869
1872
1872
1873
1874
1874
1875
1878
1886
1887
1890
1894
1896
1897
1899
1900
1904
1905
1905
1907
1908
1910
1910
1912
1914
1919
1920
1921
1924
1925
1928
1928
1931
1935
1935
1936
1936
1941
1943
1946
1946
1949
1949
1950
1951
1952
1953
1953
1953
1961
1962
1966
1968
1968
1968
1970
1971
1975
1975
1976
1978
1984
1984
1985
1985
1986
1987
1987
1989
1991
1991
1991
1992
1992
1993
1996
1997
1997
1998
2000
2001
2003
2005
2007
2007
2007
2007
2009
2010
2013
2018
2020
2022
2023
2024
2024
2026
2028
2030
2033
2034
2034
2035
2035
2037
2037
2038
2039
2039
2041
2042
2045
2046
2051
2052
2056
2059
2060
2060
2063
2065
2066
2066
2068
2071
2071
2072
2073
2073
2076
2080
2086
2087
2087
2088
2090
2093
2100
2100
2101
2106
2112
2115
2116
2118
2120
2123
2123
2127
2130
2132
2132
2133
2135
2136
2136
2138
2141
2142
2143
2143
2143
2149
2152
2156
2158
2166
2168
2169
2170
2171
2172
2175
2175
2177
2178
2180
2181
2182
2186
2186
2186
2194
2194
2195
2195
2196
2196
2196
2197
2197
2197
2198
2201
2202
2202
2204
2217
2218
2218
2219
2221
2223
2224
2229
2232
2238
2241
2242
2244
2244
2246
2247
2250
2251
2251
2259
2262
2264
2265
2268
2272
2273
2274
2278
2281
2288
2289
2291
2293
2295
2296
2299
2299
2302
2306
2306
2312
2312
2316
2320
2320
2321
2325
2328
2329
2331
2338
2342
2344
2346
2353
2356
2359
2359
2360
2361
2365
2372
2375
2376
2376
2376
2386
2388
2389
2390
2394
2397
2399
2400
2403
2404
2407
2410
2412
2414
2417
2423
2426
2426
2426
2428
2431
2434
2435
2436
2442
2442
2443
2443
2444
2449
2450
2451
2451
2453
2453
2453
2453
2454
2457
2460
2462
2463
2467
2470
2470
2472
2472
2473
2475
2476
2484
2484
2488
2491
2492
2493
2496
2496
2496
2503
2504
2508
2512
2512
2514
2515
2527
2531
2531
2532
2540
2543
2546
2547
2549
2550
2561
2562
2564
2565
2565
2566
2570
2570
2572
2576
2577
2587
2587
2590
2590
2591
2595
2597
2597
2597
2600
2600
2601
2601
2602
2603
2614
2616
2616
2629
2633
2633
2636
2636
2644
2646
2647
2649
2654
2658
2661
2662
2662
2663
2666
2669
2673
2674
2675
2675
2675
2675
2680
2684
2689
2691
2694
2697
2699
2704
2710
2712
2714
2714
2726
2732
2733
2734
2735
2742
2746
2747
2749
2753
2755
2760
2765
2766
2769
2773
2776
2776
2776
2776
2776
2777
2780
2783
2783
2783
2785
2794
2799
2801
2804
2804
2806
2807
2817
2820
2825
2825
2829
2829
2833
2842
2843
2845
2849
2850
2857
2858
2859
2860
2860
2860
2863
2868
2870
2875
2884
2885
2886
2905
2910
2913
2913
2917
2923
2925
2927
2927
2929
2929
2934
2938
2943
2944
2955
2956
2970
2974
2977
2980
2984
2986
2990
2991
2994
2995
2996
3003
3004
3010
3011
3015
3016
3017
3018
3018
3022
3024
3029
3032
3032
3036
3037
3041
3047
3056
3058
3059
3062
3066
3070
3073
3076
3079
3084
3085
3085
3085
3090
3093
3105
3106
3107
3116
3122
3124
3125
3128
3128
3131
3131
3136
3138
3139
3142
3142
3142
3143
3146
3149
3152
3154
3170
3178
3182
3184
3186
3191
3192
3196
3199
3201
3204
3213
3217
3217
3222
3222
3230
3231
3232
3233
3234
3240
3243
3245
3248
3251
3252
3257
3261
3269
3277
3279
3279
3281
3283
3290
3297
3299
3303
3303
3303
3304
3304
3305
3310
3317
3319
3329
3332
3335
3335
3337
3338
3341
3350
3352
3358
3361
3364
3373
3381
3384
3388
3391
3396
3410
3415
3418
3424
3442
3445
3446
3452
3458
3459
3470
3471
3475
3479
3479
3481
3488
3496
3498
3504
3514
3520
3522
3527
3536
3540
3541
3547
3553
3554
3554
3559
3562
3562
3566
3567
3574
3576
3586
3598
3598
3607
3611
3616
3627
3629
3635
3637
3641
3656
3659
3660
3661
3667
3672
3674
3681
3684
3687
3690
3693
3697
3699
3699
3700
3701
3703
3704
3713
3715
3715
3718
3720
3724
3727
3730
3734
3734
3737
3746
3746
3746
3757
3758
3760
3761
3768
3769
3770
3776
3783
3795
3796
3799
3799
3801
3809
3815
3817
3819
3838
3840
3841
3848
3849
3850
3851
3857
3860
3863
3869
3874
3884
3884
3890
3893
3903
3904
3913
3920
3925
3929
3936
3936
3938
3939
3952
3962
3965
3966
3972
3986
3990
3995
3995
4000
4007
4009
4009
4015
4017
4020
4020
4023
4024
4024
4046
4053
4064
4076
4083
4084
4085
4093
4100
4108
4116
4116
4118
4130
4131
4141
4145
4146
4148
4154
4163
4204
4207
4208
4214
4238
4253
4255
4262
4264
4267
4272
4272
4273
4280
4287
4292
4295
4306
4312
4323
4335
4341
4344
4344
4347
4349
4353
4364
4389
4392
4394
4396
4405
4421
4432
4446
4450
4455
4456
4458
4460
4463
4468
4487
4495
4496
4527
4530
4533
4546
4546
4554
4559
4563
4563
4564
4568
4570
4586
4588
4596
4597
4604
4607
4610
4612
4632
4632
4638
4645
4645
4661
4667
4670
4684
4692
4692
4704
4726
4734
4739
4749
4752
4755
4761
4768
4781
4785
4793
4795
4800
4806
4822
4828
4832
4835
4854
4863
4883
4885
4886
4920
4925
4930
4933
4948
4952
4958
4962
4972
4991
5011
5015
5017
5021
5041
5053
5055
5058
5058
5066
5068
5074
5093
5096
5109
5137
5139
5146
5167
5172
5186
5190
5193
5193
5194
5202
5207
5211
5212
5231
5231
5248
5249
5261
5271
5300
5320
5321
5321
5328
5331
5334
5337
5337
5353
5360
5378
5390
5395
5399
5404
5413
5421
5426
5426
5430
5432
5435
5438
5447
5449
5450
5451
5461
5471
5472
5474
5477
5494
5495
5503
5504
5510
5524
5536
5537
5538
5538
5539
5540
5545
5549
5564
5582
5585
5597
5615
5623
5631
5642
5648
5655
5659
5664
5669
5675
5715
5721
5755
5759
5761
5761
5764
5771
5780
5783
5784
5787
5788
5804
5806
5809
5813
5820
5821
5823
5831
5834
5854
5857
5866
5872
5877
5886
5889
5908
5920
5921
5926
5945
5960
5961
5966
6012
6016
6017
6028
6035
6036
6044
6064
6066
6086
6101
6119
6131
6138
6144
6145
6160
6174
6207
6207
6208
6215
6216
6227
6232
6237
6240
6241
6245
6248
6250
6255
6282
6295
6320
6334
6337
6355
6373
6380
6381
6382
6384
6386
6389
6397
6409
6426
6442
6461
6471
6480
6528
6555
6562
6575
6600
6615
6656
6666
6668
6675
6719
6723
6729
6738
6744
6751
6776
6809
6823
6838
6840
6858
6864
6867
6876
6889
6897
6910
6910
6954
6957
6960
6987
6994
7000
7001
7002
7003
7043
7053
7053
7058
7081
7081
7097
7114
7126
7133
7135
7142
7148
7166
7210
7241
7248
7266
7291
7295
7301
7351
7362
7391
7398
7409
7432
7433
7468
7487
7489
7500
7519
7581
7591
7627
7634
7639
7669
7688
7691
7709
7719
7720
7722
7735
7738
7742
7751
7760
7782
7790
7790
7793
7794
7811
7815
7824
7849
7872
7883
7887
7899
7907
7978
8015
8017
8018
8019
8052
8063
8103
8117
8118
8136
8143
8146
8181
8229
8288
8298
8300
8343
8385
8405
8422
8432
8455
8493
8500
8534
8560
8562
8589
8607
8615
8620
8625
8642
8662
8664
8673
8718
8719
8728
8767
8772
8779
8795
8822
8851
8901
8905
8910
8957
8995
9001
9011
9075
9079
9102
9110
9116
9127
9206
9217
9230
9256
9258
9276
9308
9319
9349
9368
9406
9419
9434
9450
9459
9467
9473
9474
9498
9572
9577
9676
9678
9698
9707
9748
9779
9781
9791
9799
9806
9834
9872
9890
9905
9931
9934
9939
9941
9963
9965
9969
9969
9999
10008
10029
10035
10048
10079
10127
10166
10198
10223
10228
10240
10256
10336
10349
10354
10531
10541
10543
10547
10548
10549
10578
10580
10629
10646
10647
10652
10676
10784
10800
10825
10831
10883
10918
10985
11022
11024
11101
11137
11184
11261
11281
11405
11434
11446
11475
11493
11628
11657
11677
11687
11726
11783
11789
11796
11828
11829
11856
11861
11943
11999
12025
12040
12042
12071
12112
12125
12202
12205
12211
12224
12237
12247
12250
12262
12265
12292
12304
12321
12325
12329
12360
12390
12418
12425
12455
12460
12500
12502
12511
12516
12523
12580
12594
12664
12705
12734
12762
12773
12780
12785
12857
12902
12908
12918
13136
13169
13182
13282
13324
13330
13360
13385
13389
13390
13435
13450
13458
13463
13480
13488
13490
13491
13572
13635
13641
13665
13692
13737
13820
13846
13857
13865
13912
13956
14073
14122
14209
14227
14280
14282
14499
14618
14689
14711
14731
14759
14766
14940
14984
15061
15091
15116
15188
15228
15234
15246
15260
15298
15373
15391
15723
15840
15869
15965
15974
15996
16077
16107
16178
16429
16706
17048
17414
17502
17507
17644
17717
17928
18063
18082
18090
18338
18354
18532
18685
18700
18725
18747
18782
18925
19000
19100
19437
19579
19734
19893
20140
20270
20311
20370
20641
20698
20778
20830
20955
21120
21210
21749
22087
22160
22180
22548
22603
22611
22980
23555
24047
24250
24389
24486
24512
24820
24912
25001
25126
25173
25322
25429
25450
25532
25674
25997
26217
26316
26604
26805
26876
26900
26966
26980
27206
27535
27696
27951
28304
28378
28937
29067
29972
30353
31166
31384
31673
31686
31717
31743
32413
32634
32966
33624
34574
34855
35787
36026
36070
36245
36326
36513
36904
36904
37377
38078
38134
38262
38293
38877
39226
39230
39384
39786
40229
40840
41100
43360
43458
45791
46406
46528
47431
47474
47625
48102
48505
48622
48697
48979
49136
49999
57239
58042
58173
59044
59289
59354
59609
59920
62947
64218
64278
64393
65035
65559
66672
66878
67603
68029
68381
69036
69080
69591
70986
79573
86608
89173
94450
95243
96618
104918
108152
108446
121248
125516
141053
147330
148383
156240
164843
174802
176372
193697
197018
200436
204270
206896
216247
235626
236957
249330
257866
259551
269564
269864
289870
330458
458887
470456
474343
477411
486488
